%YAML:1.0
---
resolution: !!opencv-matrix
   rows: 2
   cols: 1
   dt: d
   data: [ 600., 800. ]
camera_matrix: !!opencv-matrix
   rows: 3
   cols: 3
   dt: d
   data: [ 2.9448702248288021e+02, 0., 4.0813837642727646e+02, 0.,
       2.9481511649083751e+02, 3.1260325518975174e+02, 0., 0., 1. ]
dist_coeffs: !!opencv-matrix
   rows: 4
   cols: 1
   dt: d
   data: [ 4.2865379124807671e-03, 5.1952109659835100e-02,
       -6.0291009245495145e-02, 1.7581799507803066e-02 ]
