%YAML:1.0
---
camera_matrix: !!opencv-matrix
   rows: 3
   cols: 3
   dt: d
   data: [ 2.9448702248288021e+02, 0., 4.0813837642727646e+02, 0.,
       2.9481511649083751e+02, 3.1260325518975174e+02, 0., 0., 1. ]
dist_coeffs: !!opencv-matrix
   rows: 4
   cols: 1
   dt: d
   data: [ 4.2865379124807671e-03, 5.1952109659835100e-02,
       -6.0291009245495145e-02, 1.7581799507803066e-02 ]
resolution: !!opencv-matrix
   rows: 2
   cols: 1
   dt: i
   data: [ 800, 600 ]
project_matrix: !!opencv-matrix
   rows: 3
   cols: 3
   dt: d
   data: [ -3.1683375461477609e-01, -1.3976537539246148e+00,
       5.0326749267326898e+02, -3.9384857231199381e-02,
       -1.3914359944303016e+00, 4.2072567347486154e+02,
       -5.8453141359584910e-05, -3.6583329420908613e-03, 1. ]
scale_xy: !!opencv-matrix
   rows: 2
   cols: 1
   dt: f
   data: [ 4.00000006e-01, 5.00000000e-01 ]
shift_xy: !!opencv-matrix
   rows: 2
   cols: 1
   dt: f
   data: [ 0., 0. ]
