%YAML:1.0
---
resolution: !!opencv-matrix
   rows: 2
   cols: 1
   dt: d
   data: [ 600., 800. ]
camera_matrix: !!opencv-matrix
   rows: 3
   cols: 3
   dt: d
   data: [ 2.9493351107701352e+02, 0., 4.0047617370439406e+02, 0.,
       2.9508014999165016e+02, 3.0782029952791265e+02, 0., 0., 1. ]
dist_coeffs: !!opencv-matrix
   rows: 4
   cols: 1
   dt: d
   data: [ 6.2652262398645964e-02, -7.9973303086834119e-02,
       5.1432549035191767e-02, -1.5391404500555379e-02 ]
